UTM180920201,UTM180920202
560604.501176056,8760386.59913908
560604.289296054,8760386.13074746
560604.389148244,8760385.97913583
560604.405272225,8760385.8681726
560604.324268525,8760385.7189898
560604.32914938,8760385.4845657
560604.235814644,8760385.27891517
560604.240685779,8760385.08918776
560604.214435619,8760384.87560688
560604.088911039,8760384.62370263
560604.026158417,8760384.45305381
560603.931755065,8760384.22500306
560603.785822832,8760384.03915777
560603.686616079,8760383.68795756
560603.538585443,8760383.27852502
560603.461884376,8760383.08485318
560603.403424841,8760382.91441199
560603.331565724,8760382.66510284
560603.16098068,8760382.32162548
560603.170154539,8760382.08740897
560603.176084322,8760381.96477851
560603.056931587,8760382.02606264
560603.091855407,8760381.83778843
560603.124632599,8760381.64941042
560603.158478292,8760381.48343267
560603.129551752,8760381.23619953
560603.250918739,8760380.86214233
560603.376030339,8760380.54413766
560603.347642874,8760380.2857563
560603.294025151,8760380.0596778
560603.307482642,8760379.87036559
560603.357433004,8760379.68281799
560603.368743863,8760379.49340198
560603.314057598,8760379.24492324
560603.34362936,8760378.98934449
560603.333993588,8760378.87713564
560603.319005675,8760378.69762225
560603.278787489,8760378.55041173
560603.216563807,8760378.41331143
560603.122708454,8760378.12941581
560603.045506386,8760377.76810542
560603.048779312,8760377.52242929
560603.159345879,8760377.46072996
560603.140045355,8760377.37040236
560603.116990608,8760377.26871894
560603.098758583,8760377.20079159
560602.995190248,8760377.16226072
560603.068782597,8760376.84176482
560603.10320593,8760376.48585205
560603.14246163,8760376.11899865
560602.966455944,8760376.02109365
560603.204791381,8760375.76443528
560603.369082058,8760375.43715079
560603.348212454,8760375.15678438
560603.399202547,8760375.12572712
560603.506544542,8760375.08622046
560603.726080208,8760374.90687316
560603.891920792,8760374.85902094
560604.154418487,8760374.54765965
560604.249448726,8760374.36229193
560604.329981865,8760374.20974608
560604.31337674,8760374.06367734
560604.266689539,8760374.05024547
560604.203926614,8760373.92429334
560604.17926429,8760373.81135787
560604.192163499,8760373.72258729
560604.227058626,8760373.6684032
560604.119784062,8760373.39503292
560604.17617466,8760373.20779676
560604.291574022,8760373.1351569
560604.326998586,8760373.11452129
560604.404316654,8760372.93947138
560604.518089152,8760372.94497292
560604.550808661,8760373.02477513
560604.620069572,8760372.8828585
560604.818688004,8760372.64662843
560605.212112737,8760372.43099275
560605.247527646,8760372.45505387
560605.393509659,8760372.41741584
560605.857205866,8760372.35044421
560606.113764788,8760372.20641048
560606.287104519,8760372.22596695
560606.405199574,8760372.09758617
560606.610758576,8760372.02930637
560606.802388715,8760371.84861012
560607.151861311,8760371.38501518
560607.311262537,8760371.336852
560607.604844288,8760371.22813177
560607.777684134,8760371.08004988
560607.915079776,8760371.04199691
560608.122756332,8760371.10791126
560608.218287332,8760371.0901824
560608.309005502,8760370.99400077
560608.532277145,8760370.91540354
560608.725985731,8760371.04768827
560608.8993256,8760371.0672451
560609.128988123,8760371.21244289
560609.424157947,8760371.20436852
560609.624345722,8760371.15817804
560609.912007204,8760371.12739209
560610.072467128,8760371.14632621
560610.372479288,8760371.08261477
560610.558708937,8760371.058098
560610.808818848,8760370.95845049
560610.997195181,8760370.9340376
560611.221525509,8760370.9225378
560611.402373713,8760370.96480668
560611.624047979,8760370.83026126
560611.841409147,8760370.78490165
560612.170396377,8760370.74494049
560612.481691125,8760370.62590371
560612.828390817,8760370.57562503
560613.099388574,8760370.66695116
560613.345175565,8760370.70118661
560613.626387339,8760370.71478676
560613.889357539,8760370.70515616
560614.143741127,8760370.69511035
560614.428167879,8760370.73121476
560614.744275311,8760370.69063136
560614.977741568,8760370.62370259
560615.264864189,8760370.60406609
560615.543410251,8760370.53931767
560615.724288561,8760370.44749708
560616.196552704,8760370.47033796
560616.44933899,8760370.40434387
560616.881365982,8760370.36936745
560617.237171576,8760370.39775047
560617.649339513,8760370.37298811
560618.176338324,8760370.42082563
560618.567009269,8760370.52911542
560618.915316764,8760370.49009047
560619.239990719,8760370.5393169
560619.482562739,8760370.55104947
560619.607078924,8760370.51237481
560619.975214965,8760370.59722649
560620.195241992,8760370.63021733
560620.5649854,8760370.72632123
560620.830061432,8760370.89558272
560621.120368265,8760371.03254175
560621.525526156,8760371.15270749
560621.929066277,8760371.30631801
560622.399732979,8760371.27321249
560622.902599521,8760371.24166464
560623.464504246,8760371.19062412
560623.656603929,8760371.31165911
560623.983953098,8760371.3945391
560624.27210249,8760371.57609172
560624.455615425,8760371.6967115
560624.912852532,8760371.7188288
560625.233751172,8760371.8460943
560625.66091426,8760371.95615155
560626.052652301,8760372.08684393
560626.222216978,8760372.18444066
560626.500244994,8760372.0414495
560626.779288915,8760372.14434216
560627.015399749,8760372.24515805
560627.311098465,8760372.27063638
560627.408776375,8760372.25301283
560627.488233938,8760372.12276488
560627.784482453,8760372.0923984
560627.965340544,8760372.08997297
560628.222431056,8760371.97949224
560628.425273963,8760372.05635049
560628.676421784,8760372.11319691
560628.787476842,8760372.26383511
560629.124480153,8760372.36953208
560629.423922279,8760372.45106351
560629.743773398,8760372.46653649
560629.992753301,8760372.61267272
560630.234225157,8760372.73609719
560630.514347273,8760372.81669426
560630.910399116,8760372.85820246
560631.127728975,8760372.9469363
560631.520566102,8760372.96594057
560631.682643563,8760372.95143282
560631.866176902,8760372.98266028
560632.22576755,8760372.88831337
560632.287481106,8760372.90247324
560632.561745094,8760372.7928242
560632.844035067,8760372.78413224
560633.140272939,8760372.79846373
560633.372650608,8760372.79853151
560633.740267305,8760372.80514205
560633.747753829,8760372.91724728
560633.973152186,8760372.92815183
560634.222185142,8760372.85080541
560634.495338454,8760372.89754331
560634.48737702,8760372.5284061
560634.7149221,8760372.53941463
560635.035819657,8760372.66668264
560635.037448453,8760372.58854131
560635.201122573,8760372.62998278
560635.314366509,8760372.60193862
560635.535439325,8760372.74672583
560635.744160767,8760372.92443844
560636.017303239,8760373.01587338
560636.285052062,8760373.21879048
560636.638710033,8760373.24707515
560636.827604461,8760373.30091133
560637.083551934,8760373.48090904
560637.414599568,8760373.79863196
560637.757448177,8760374.13927454
560638.039683645,8760374.35406724
560638.340192703,8760374.45800108
560638.621932146,8760374.50515533
560638.706741081,8760374.44221279
560638.894006207,8760374.57419062
560639.024401466,8760374.63637108
560639.310445052,8760374.63903651
560639.688255116,8760374.65731632
560639.813806717,8760374.77513404
560640.030089689,8760374.75207574
560640.143377311,8760374.54524522
560640.298464443,8760374.5862719
560640.445493425,8760374.66043163
560640.77068321,8760374.78790884
560641.043813984,8760374.92404157
560641.505376175,8760374.81228257
560641.847771998,8760374.80650089
560642.176748528,8760374.8112443
560642.425770691,8760374.77859621
560642.518593926,8760374.86130771
560642.642538025,8760374.96787365
560642.853415804,8760375.10099461
560643.132457868,8760375.20389092
560643.218312707,8760375.25274237
560643.500018668,8760375.43398781
560643.589616283,8760375.53889194
560643.702309696,8760375.56669344
560643.901419465,8760375.54280485
560643.863241756,8760375.84266388
560644.061250465,8760375.93046512
560644.224395555,8760375.93835928
560644.432609113,8760375.99313145
560644.594653124,8760376.11271546
560644.761540938,8760376.17666234
560644.742738356,8760376.25397269
560644.919280492,8760376.34073535
560645.015857297,8760376.43480299
560645.156434747,8760376.55334836
560645.346340486,8760376.85306961
560645.461719835,8760376.86982694
560645.535784632,8760376.8510622
560645.711798325,8760376.90427648
560645.835730806,8760377.05553944
560646.015475992,8760377.20950312
560646.195209974,8760377.40816353
560646.256383729,8760377.43347229
560646.424327857,8760377.56451637
560646.622853227,8760377.73056322
560646.743571139,8760377.8593221
560646.901849673,8760378.01224716
560647.146533311,8760378.15817905
560647.557002931,8760378.47974806
560647.77322938,8760378.68017459
560647.831121354,8760378.95115946
560648.115500698,8760379.16605831
560648.234577423,8760379.41765535
560648.543086594,8760379.71194215
560648.659488318,8760379.92988687
560648.825285213,8760380.06082739
560649.161239829,8760380.05473607
560649.279799328,8760380.22808802
560649.330183285,8760380.47636103
560649.325294117,8760380.71078498
560649.437941804,8760380.9173738
560649.558659104,8760381.04613295
560649.439503809,8760381.10741268
560649.374037021,8760381.081896
560649.339173916,8760381.00198874
560649.310211239,8760380.93354132
560649.286620792,8760380.84300525
560649.240485005,8760380.77372679
560649.323091063,8760380.9341646
560649.416418995,8760381.1398185
560649.573629098,8760381.27034361
560649.756059322,8760381.4132635
560649.955628671,8760381.69110456
560650.206705861,8760382.0161355
560650.443835454,8760382.3181429
560650.661679227,8760382.48512532
560650.836624284,8760382.51594004
560650.89458342,8760382.51874485
560650.982033248,8760382.62354562
560651.030843643,8760382.72647652
560651.035653707,8760382.80492948
560651.100546814,8760382.97568454
560651.175656287,8760383.06871383
560651.293709779,8760383.11912407
560651.385430066,8760383.31352604
560651.752436084,8760383.59947026
560651.706175385,8760384.02185541
560651.723291542,8760384.24616998
560651.73503542,8760384.49257318
560651.694181142,8760384.75877959
560651.828305716,8760384.92171076
560651.89213096,8760385.07006558
560652.03216725,8760385.19975992
560652.117378961,8760385.66203048
560652.246176717,8760385.66826354
560652.301449568,8760385.68211274
560652.306776219,8760385.8388109
560652.187609805,8760385.94478707
560652.104947496,8760386.00783257
560652.049617666,8760386.21746688
560652.072668271,8760386.3191512
560652.069431228,8760386.38604043
560651.996928392,8760386.59484367
560651.967863435,8760386.92866648
560652.012908404,8760387.06493814
560652.033227247,8760387.35645358
560652.026168043,8760387.68016703
560652.126979606,8760387.99792647
560652.032482474,8760388.17214237
560651.843522483,8760388.38648409
560651.833822776,8760388.54245506
560651.937894144,8760388.70393187
560651.887948079,8760388.84678084
560651.829404127,8760389.03391098
560651.870706675,8760389.11412997
560651.920584305,8760389.23946119
560651.920561496,8760389.32885459
560651.906522906,8760389.66340459
560651.910736306,8760389.97648925
560651.963828118,8760390.12432465
560651.949800916,8760390.41417794
560651.918634978,8760390.56911007
560651.89715736,8760390.61276793
560651.866530938,8760390.75655186
560651.952866798,8760391.01773921
560651.997888748,8760391.24340427
560651.968880848,8760391.35374358
560651.983322016,8760391.54440577
560651.971498489,8760391.61087945
560652.10831976,8760391.71806964
560652.093764417,8760391.97437444
560652.022891753,8760392.10503636
560652.00410028,8760392.1376499
560651.996547154,8760392.29372475
560651.985756973,8760392.51668882
560651.986205129,8760392.86311421
560651.888505517,8760392.97012924
560651.835884869,8760393.07932584
560651.743557532,8760393.16425224
560651.72420375,8760393.29740739
560651.789658421,8760393.36762089
560651.866397092,8760393.3825089
560651.765494723,8760393.42232306
560651.694667807,8760393.37419821
560651.656005898,8760393.46172171
560651.777238329,8760393.66872627
560651.755187008,8760393.85762243
560651.767481528,8760394.04818074
560651.766884937,8760394.28281244
560651.823718834,8760394.48670049
560651.79632952,8760394.5635952
560651.754947256,8760394.79625311
560651.764050381,8760394.87491384
560651.824672225,8760394.95606777
560651.86061372,8760395.0136787
560651.889024929,8760395.13797108
560651.798810074,8760395.35709146
560651.727409509,8760395.4542049
560651.659774089,8760395.51797762
560651.598039006,8760395.5932102
560651.589429726,8760395.68218806
560651.484808155,8760406.06923601
560651.242725306,8760406.26983253
560650.967904122,8760406.48001906
560650.689868851,8760406.66770148
560650.227754761,8760406.87999867
560649.861698001,8760407.10811886
560649.688834665,8760407.34558834
560649.493403721,8760407.69370885
560649.286172315,8760408.01890971
560649.061228796,8760408.35442778
560648.903391895,8760408.59262452
560648.744476075,8760408.85311769
560648.879654385,8760409.08314553
560648.965472472,8760409.26608747
560648.894061449,8760409.40789777
560648.874202662,8760409.41811107
560649.19882013,8760409.64613207
560649.045850129,8760409.73929826
560648.976068961,8760409.80296724
560648.874651208,8760409.76453644
560648.820492485,8760409.59430089
560648.759905344,8760409.379057
560648.785113555,8760409.43614845
560648.788350484,8760409.36925922
560648.804421486,8760409.48178006
560648.779179185,8760409.55877871
560648.72599715,8760409.76851703
560648.683548068,8760409.97877474
560648.757508731,8760410.36228048
560648.691390375,8760410.79487902
560648.870499535,8760411.3175649
560649.042697568,8760411.58290719
560649.126368842,8760411.76574527
560649.288867254,8760412.18705857
560649.303790804,8760412.59005601
560649.449139166,8760412.92114491
560649.299292531,8760413.39438881
560649.462881019,8760413.74870903
560649.909278535,8760414.12788967
560649.880191207,8760414.55110591
560649.623061244,8760414.84036897
560649.604729724,8760415.17471122
560649.294452174,8760415.53962253
560649.504174622,8760415.96322122
560649.481056121,8760416.12971713
560649.292088901,8760416.38875591
560648.912076475,8760416.6385495
560647.9535109,8760417.06148331
560647.774748876,8760417.28749321
560647.597684803,8760417.16718164
560647.62124038,8760417.39180777
560647.981223199,8760417.82267757
560648.106757994,8760417.98519283
560648.58218425,8760418.1646402
560648.461379722,8760418.39345472
560648.38247324,8760418.46785643
560648.530541233,8760418.6538108
560648.512817774,8760418.70882468
560648.5369354,8760418.83290922
560648.576079024,8760418.95772092
560648.668921121,8760418.95103948
560648.801457709,8760419.01332484
560648.956538992,8760419.0543526
560649.08263584,8760419.11632637
560649.174398938,8760419.13194137
560649.334324255,8760419.11733204
560649.465276565,8760419.078972
560649.54848765,8760418.96008142
560649.851177202,8760418.88533513
560649.971396692,8760418.84645573
560650.236515558,8760418.79223997
560650.387326594,8760418.74366675
560650.53546302,8760418.66144118
560650.698602548,8760418.66933618
560651.025421113,8760418.67397806
560651.269051373,8760418.70811708
560651.910842067,8760418.8732683
560652.054604848,8760419.10371202
560652.093725087,8760419.31791722
560652.112481675,8760419.41939378
560651.992239134,8760419.54766636
560652.315326914,8760419.45155921
560652.500918851,8760419.79577047
560652.56149315,8760420.05571123
560652.581259517,8760420.40307157
560652.551700921,8760420.56925577
560652.550036192,8760420.78148717
560652.521522045,8760421.05946505
560652.445841082,8760421.11167398
560652.182341147,8760421.13244466
560652.146354432,8760421.25362052
560652.015390724,8760421.33667698
560651.989057825,8760421.48066867
560651.927312323,8760421.60059792
560651.902058479,8760421.7222932
560651.825826545,8760421.83034706
560651.767834686,8760421.9616323
560651.771002722,8760422.16292326
560651.726946294,8760422.36192878
560651.70166945,8760422.57301746
560651.716672383,8760422.66313804
560651.717142814,8760422.92017002
560651.629615586,8760423.12824608
560651.545865018,8760423.25828472
560651.546370004,8760423.38122661
560651.702495153,8760423.5340484
560651.901551546,8760423.68894788
560651.913328835,8760423.80126099
560651.929399249,8760423.91378186
560651.8021779,8760424.052891
560651.828441614,8760424.1770795
560652.053784629,8760424.3667741
560652.202425462,8760424.40749061
560652.470734276,8760424.46517289
560652.685344333,8760424.65434819
560652.85274152,8760424.79654134
560652.961125563,8760424.86883262
560652.976667896,8760424.94780501
560653.023329589,8760425.05063209
560653.063551588,8760425.15314752
560653.146188424,8760425.17949548
560653.284635856,8760425.20854449
560653.606068956,8760425.27997237
560653.819048482,8760425.54728916
560654.270882136,8760425.63620255
560654.421106529,8760425.77756481
560654.723220387,8760425.84805799
560655.157143808,8760426.70713264
560655.484969459,8760426.95765946
560655.567547796,8760427.20749106
560656.002161554,8760427.47436074
560656.293507055,8760427.67842494
560656.500081016,8760427.81134042
560656.569791447,8760428.01585205
560656.804293985,8760428.06072478
560657.094008783,8760428.34293046
560657.386421315,8760428.5693952
560657.750772721,8760428.68759872
560658.022306122,8760428.72308968
560658.255729325,8760428.79025909
560658.471968286,8760428.90129408
560658.775125008,8760429.08358193
560659.070270408,8760429.12021597
560659.301511513,8760429.32137177
560659.537561613,8760429.60098061
560659.719947765,8760429.87799205
560659.906650601,8760430.06581792
560660.150266632,8760430.14465537
560660.377777563,8760430.24506198
560660.540352274,8760430.35349987
560660.702399215,8760430.42838928
560660.830640902,8760430.49046812
560660.967468786,8760430.55296258
560661.04418132,8760430.65724456
560661.240045299,8760430.70024793
560661.355407621,8760430.76170343
560661.537313042,8760430.82637985
560661.776623831,8760430.94970652
560661.894648461,8760431.08951116
560662.06096451,8760431.25400195
560662.143576944,8760431.36974389
560662.268604601,8760431.40931868
560662.395203408,8760431.59423568
560662.321633379,8760431.780638
560662.44987485,8760431.84271702
560662.425699324,8760431.94211569
560662.452513307,8760432.01045951
560662.25554649,8760432.07914574
560662.341396557,8760432.1279985
560662.42079504,8760432.22123627
560662.486234976,8760432.33614702
560662.643448827,8760432.42197708
560662.853235192,8760432.57739781
560662.952444377,8760432.83920933
560663.044158527,8760433.03361214
560663.140165741,8760433.22822277
560663.222754012,8760433.43335818
560663.324145477,8760433.56118354
560663.402452565,8760433.72141446
560663.446414884,8760433.87998293
560663.510235738,8760434.02833833
560663.56601002,8760434.16512992
560663.660973727,8760434.2479469
560663.776875232,8760434.29825442
560663.931414555,8760434.35043224
560664.111688423,8760434.49325032
560664.319855338,8760434.6821159
560664.518896369,8760434.88171409
560664.640122089,8760435.0887199
560664.709830702,8760435.29323197
560664.75000327,8760435.57453457
560664.846525585,8760435.84739052
560664.945218457,8760436.030957
560665.110466159,8760436.17304789
560665.188245224,8760436.29973042
560665.238682954,8760436.32452058
560665.293929324,8760436.42776375
560665.422709816,8760436.47869487
560665.500512934,8760436.51598402
560665.582621187,8760436.5087843
560665.656682922,8760436.49002076
560665.685151739,8760436.39082997
560665.685187913,8760436.25673988
560665.73242391,8760436.21432915
560666.087094822,8760436.39911255
560666.712205741,8760436.68638199
560667.272895909,8760437.05992783
560667.552522322,8760436.92819791
560667.606197987,8760436.88609899
560667.637341034,8760436.82056065
560667.642749841,8760436.66438198
560667.729151187,8760436.65739022
560667.92496548,8760436.87918144
560667.987682003,8760437.13922686
560668.010081025,8760437.65432995
560668.176862124,8760438.07585353
560668.301203361,8760438.66293749
560668.237740659,8760439.17388411
560668.211333107,8760439.58605564
560668.367981644,8760439.77242801
560668.802697942,8760439.63703185
560669.075222788,8760439.9631057
560668.983290763,8760440.573243
560668.977305505,8760440.87465994
560668.891898478,8760441.17223211
560669.031853134,8760441.57010854
560669.068761914,8760442.00769385
560669.040183127,8760442.50915484
560669.417323143,8760442.94086211
560669.877625659,8760443.43246706
560670.287502733,8760443.85458512
560670.338860186,8760444.43813616
560670.566821575,8760444.84027331
560670.756685015,8760445.22939181
560670.908977974,8760445.63904015
560670.916913885,8760446.05287428
560670.937741209,8760446.42263522
560670.802877952,8760447.03069405
560670.981505458,8760447.29635111
560671.37644123,8760447.40486523
560671.705901818,8760447.53255833
560671.714904499,8760447.96879277
560671.818354121,8760448.40959961
560672.06026043,8760448.83476085
560672.307061009,8760449.0254983
560672.59947816,8760449.2072699
560672.892434947,8760449.37789338
560673.146766668,8760449.50194966
560673.336715121,8760449.57819167
560673.504621483,8760449.79863279
560673.796535738,8760449.85746278
560673.972426322,8760450.31295132
560674.280923202,8760450.56254778
560674.587273442,8760450.81204039
560674.877530897,8760451.0384053
560675.180127607,8760451.27654201
560675.241824407,8760451.3354007
560675.422646653,8760451.42237553
560675.606155136,8760451.49830611
560675.805768705,8760451.55266781
560676.00538226,8760451.60702955
560676.199623265,8760451.68347985
560676.391730223,8760451.71512955
560676.525341484,8760451.75512147
560676.760341231,8760451.92293985
560676.941715564,8760451.95407001
560677.105390523,8760451.95082027
560677.386634203,8760451.78564797
560677.67480712,8760451.78842612
560677.871219614,8760451.77558721
560678.287618616,8760451.8851428
560678.813012973,8760451.78766366
560678.969645726,8760452.01873406
560679.279810944,8760452.05610038
560679.643664254,8760452.00667168
560679.746144614,8760452.06750528
560680.044522905,8760452.03725513
560680.441126423,8760451.93354075
560680.798552931,8760451.83910388
560681.004103986,8760451.77083631
560681.298214692,8760451.65098519
560681.373895228,8760451.598778
560681.435591737,8760451.657637
560681.454383258,8760451.6250239
560681.768365177,8760451.45026341
560681.810743027,8760451.50818701
560681.824123873,8760451.63175252
560682.236832913,8760451.50646987
560682.565802465,8760451.46652723
560682.786893679,8760451.47723271
560682.847497792,8760451.60308485
560683.009039061,8760451.55503525
560683.240361232,8760451.44331859
560683.4034965,8760451.45121787
560683.454485827,8760451.42016387
560683.552196946,8760451.26845461
560683.641296522,8760451.20572301
560683.774418839,8760451.0780771
560683.907541181,8760450.95043121
560683.941885462,8760450.95209423
560684.005728409,8760451.01105728
560684.197835335,8760451.04270819
560684.440455674,8760450.83096987
560684.67017142,8760450.70800135
560684.852111196,8760450.63859106
560684.986274972,8760450.622739
560685.142482158,8760450.46268808
560685.490796396,8760450.33428827
560685.747825974,8760450.40260617
560685.993647237,8760450.25806911
560686.231949323,8760450.13551664
560686.537307699,8760450.09443167
560686.72838645,8760449.96959255
560686.975801728,8760449.88100451
560687.207124581,8760449.76928858
560687.382637963,8760449.65487014
560687.507714596,8760449.51566066
560687.617225764,8760449.38687176
560687.722983764,8760449.2467268
560687.828201934,8760449.11773003
560687.918934332,8760448.97685746
560687.996787621,8760448.83536123
560688.060155131,8760448.68198919
560688.130489178,8760448.5624775
560688.23462773,8760448.45577715
560688.328020786,8760448.39325376
560688.473457329,8760448.36677361
560688.644639226,8760448.38623754
560688.795962563,8760448.41591416
560688.926334686,8760448.52279653
560689.071205504,8760448.59685804
560689.324417406,8760448.87730408
560689.616292468,8760449.07022784
560689.796112176,8760448.91132093
560689.931368927,8760448.82847632
560690.078964952,8760448.75740361
560690.248566082,8760448.67622223
560690.384362764,8760448.58222948
560691.447717134,8760447.63920959
560691.902422551,8760447.04664185
560692.47526553,8760446.19161152
560692.890846752,8760445.42953436
560693.325102741,8760445.03711471
560693.34168278,8760445.22788133
560693.008944917,8760445.30116175
560693.060487693,8760445.21426326
560693.267133425,8760445.07900463
560693.361066883,8760445.00533343
560693.722645589,8760445.40277184
560693.966217487,8760445.61570597
560694.551205026,8760445.44289898
560694.73147393,8760445.58572148
560694.945073035,8760445.52902021
560695.390497073,8760445.48354646
560695.683570349,8760445.25190498
560696.04794007,8760445.28072625
560696.445073978,8760445.21056544
560696.887864534,8760444.99734966
560697.250101001,8760444.98137061
560697.467479893,8760444.84663247
560697.820590368,8760444.84138593
560697.998725725,8760444.93940824
560698.285820516,8760444.96448749
560698.596500592,8760445.0801038
560698.790228026,8760445.07831239
560698.950704189,8760445.00786451
560699.165870361,8760445.0965062
560699.335932861,8760445.27235805
560699.599942426,8760445.3298425
560699.860172266,8760445.46536429
560700.06561903,8760445.75467343
560700.246467216,8760445.75225844
560700.42570884,8760445.73859133
560700.615629777,8760445.90423088
560700.805024036,8760446.03632195
560701.040035264,8760446.15944818
560701.180559263,8760446.41208995
560701.250774492,8760446.69484929
560701.478252666,8760446.88465676
560701.625216057,8760447.13761048
560701.75286067,8760447.3896285
560702.022729128,8760447.59266365
560702.314629506,8760447.69619698
560702.427234855,8760447.99218397
560702.733067384,8760448.16343825
560702.829620635,8760448.30220705
560703.124180436,8760448.48408975
560703.379562776,8760448.67524921
560703.542104636,8760448.87308608
560703.865608587,8760449.16811434
560703.741043117,8760449.38556741
560703.842996101,8760449.41285447
560703.995885178,8760449.58787517
560703.863273635,8760449.79376415
560703.888478414,8760449.85085671
560704.041907421,8760450.01472923
560704.253832397,8760450.17026089
560704.399768722,8760450.2667245
560704.416886945,8760450.44634309
560704.524698923,8760450.6191804
560704.616418731,8760450.76888957
560704.758048425,8760450.90984198
560704.843841635,8760451.13748446
560704.780418137,8760451.46964245
560704.880116388,8760451.85439921
560705.072695271,8760452.09838863
560705.441288323,8760452.35090407
560706.685632102,8760452.73523567
560706.853545951,8760452.91098457
560707.047717188,8760453.21092315
560707.178545801,8760453.57483943
560707.384529464,8760453.85300159
560707.533097233,8760454.11720817
560707.684378701,8760454.28097717
560707.958024915,8760454.40597634
560708.142597663,8760454.50431203
560708.360420852,8760454.6713045
560708.527254117,8760454.86934998
560708.601233686,8760455.11876917
560708.632836708,8760455.31026386
560708.682165488,8760455.44674553
560708.742226805,8760455.5837471
560708.740025678,8760455.76242992
560708.69274786,8760455.93892912
560708.820417346,8760456.10155446
560709.022134508,8760456.29011553
560708.998454586,8760456.51245523
560709.052076283,8760456.64914487
560709.064914322,8760456.78385886
560709.139447354,8760456.9774332
560709.387362104,8760457.0117915
560709.92131605,8760457.00413474
560710.44401114,8760456.96240975
560710.480959496,8760457.2212095
560710.600555193,8760457.4616643
560710.641810233,8760457.67597532
560710.635855859,8760457.84330199
560710.562197331,8760458.29788168
560710.481046665,8760458.68505238
560710.450913248,8760458.95177679
560710.351011615,8760459.23747007
560710.202184468,8760459.82250043
560710.080168124,8760460.47587565
560710.082813525,8760460.59892156
560710.100402105,8760460.99087553
560710.148096554,8760461.20549849
560710.385735607,8760461.49636908
560710.511756594,8760461.78183253
560710.795025725,8760462.019042
560710.778283804,8760462.36463553
560710.844783986,8760462.50194916
560710.978338127,8760462.72073155
560711.091992389,8760463.08381636
560711.063479051,8760463.31709622
560711.038732408,8760463.51703553
560711.097131508,8760463.82157185
560711.118985082,8760464.30312721
560711.024914182,8760464.82376405
560711.213127826,8760465.29102994
560711.277952458,8760465.64057491
560711.300428618,8760465.84280191
560711.395871702,8760466.09326112
560711.303988587,8760466.47991183
560711.597421227,8760466.81818299
560711.825434075,8760466.99684417
560712.258429727,8760467.20778453
560712.463343452,8760467.46354719
560712.863061339,8760467.69522429
560713.136163962,8760467.83137278
560713.509071309,8760467.99470518
560713.948436396,8760468.42944158
560714.233281902,8760468.76729739
560714.532626463,8760469.07233269
560714.816461043,8760469.20900149
560715.155010064,8760469.41536722
560715.510190753,8760469.63371315
560715.853018563,8760469.88498375
560716.137337065,8760470.18929147
560716.515574596,8760470.4646265
560716.864399271,8760470.41448065
560716.909931584,8760470.67369657
560717.203389711,8760470.92257564
560717.439460838,8760471.06810531
560717.737793945,8760471.17195423
560717.994249533,8760471.34082032
560718.407370165,8760471.6066717
560718.669212875,8760471.70875288
560718.898304106,8760471.86511901
560719.161212927,8760471.98960064
560719.464378792,8760472.08250979
560719.922617307,8760472.21645558
560720.176968272,8760472.25112802
560720.409314263,8760472.29590868
560720.563832637,8760472.39279019
560720.81279614,8760472.4942478
560721.142217244,8760472.71134731
560721.601493188,8760472.95708746
560721.958889192,8760472.95205573
560722.101594637,8760473.07071376
560722.491756391,8760472.96670068
560722.760578132,8760473.05794656
560723.057318295,8760473.10584787
560723.634181151,8760473.14497377
560723.930892761,8760473.28226869
560724.180424557,8760473.28318541
560724.381113246,8760473.3152585
560724.612392826,8760473.33763959
560724.989149969,8760473.19945471
560725.27842742,8760473.09055407
560725.470501584,8760473.2116047
560725.576716537,8760473.32849495
560725.496216407,8760473.34694292
560725.675454587,8760473.33327943
560725.86059201,8760473.33107617
560726.297976603,8760473.22935251
560726.399372661,8760473.31248629
560726.671406627,8760473.42623737
560727.001978783,8760473.39755858
560727.196199224,8760473.51871349
560727.356075966,8760473.63820422
560727.591108203,8760473.67194205
560727.690386443,8760473.66557852
560728.104700055,8760473.55156317
560728.059069373,8760473.60522373
560728.274783295,8760473.63802556
560728.742117737,8760473.85063586
560728.943317613,8760473.96095492
560729.121446425,8760474.05898166
560729.302290816,8760474.05657087
560729.615705536,8760473.98236394
560729.917862139,8760473.87408848
560730.179192265,8760473.89792683
560730.321911352,8760473.9718891
560730.39112441,8760474.00876622
560730.673379042,8760474.04479303
560730.892305306,8760474.10009969
560731.154657815,8760474.2804287
560731.351593515,8760474.30114671
560731.728818798,8760474.37529918
560732.197276609,8760474.43152434
560732.473033431,8760474.64602629
560732.688206832,8760474.68997705
560732.910900179,8760474.71194357
560733.013901909,8760474.80633007
560733.090065373,8760474.92176464
560733.300317925,8760475.24483582
560733.547673736,8760475.33504377
560733.776280728,8760475.32377399
560733.96354979,8760475.36637265
560734.270992227,8760475.50419014
560734.817642076,8760476.03352854
560735.093427427,8760476.15863767
560735.486713846,8760476.34531322
560735.721161085,8760476.52429084
560735.914795874,8760476.79068537
560736.244257489,8760476.87369876
560736.399810605,8760477.08237598
560736.517238026,8760477.36742594
560736.62721898,8760477.45097665
560736.698008397,8760477.58849972
560736.717749148,8760477.93586141
560736.690851994,8760478.13569619
560736.650550445,8760478.30135826
560736.703613012,8760478.49389395
560736.831772553,8760478.77946408
560736.934218606,8760478.92969577
560737.005503974,8760479.19016078
560737.059091997,8760479.41624502
560737.092836221,8760479.60784447
560737.04445959,8760479.85133564
560737.015970973,8760479.99522151
560737.153300677,8760480.13596953
560737.249336667,8760480.19649575
560737.198243743,8760480.54042445
560737.268522096,8760480.59970232
560737.075821386,8760480.75797823
560737.096716251,8760480.8595601
560737.170162656,8760481.07543245
560737.109462299,8760481.26245457
560737.06428327,8760481.57314683
560737.164523552,8760481.90206131
560737.200983939,8760481.99322322
560737.252454811,8760482.12981004
560737.363486359,8760482.28045788
560737.420841518,8760482.47320167
560737.355833479,8760482.70471242
560737.49049082,8760482.81180791
560737.456073566,8760483.03362691
560737.424898167,8760483.18855691
560737.49992095,8760483.50507488
560737.432270473,8760483.61353966
560737.397808926,8760483.96944876
560737.427259987,8760484.16084015
560737.376211381,8760484.37067875
560737.369698143,8760484.59385015
560737.310019408,8760484.93736272
560737.422612492,8760485.23335286
560737.416084459,8760485.50122096
560737.570570344,8760485.68749797
560737.682622972,8760485.9946363
560737.795770956,8760486.23478161
560737.864339224,8760486.5956842
560738.000572615,8760486.80342534
560738.173295709,8760487.01293504
560738.149070338,8760487.24642235
560738.117295356,8760487.5912873
560738.251922444,8760487.78777627
560738.317307818,8760488.03678109
560738.389628377,8760488.40903994
560738.419005001,8760488.82391485
560738.425821606,8760489.30474246
560738.327551019,8760489.51229231
560738.387577539,8760489.7386887
560738.335388967,8760490.14961038
560738.412046726,8760490.3879872
560738.371700696,8760490.68773931
560738.448343571,8760490.97081283
560738.478845179,8760491.22930131
560738.441666892,8760491.68564791
560738.380367045,8760492.06260492
560738.419454404,8760492.32150953
560738.456891101,8760492.70325204
560738.412629283,8760493.48331159
560738.3620617,8760493.86078877
560738.337251459,8760494.23951433
560738.375258072,8760494.52071527
560738.348841699,8760494.88818864
560738.326718215,8760495.25587007
560738.35345225,8760495.54769901
560738.290561227,8760495.86870713
560738.387032279,8760496.23096216
560738.475983301,8760496.61520144
560738.676008751,8760497.01599859
560738.743539819,8760497.26510746
560738.738151426,8760497.33189243
560738.807784293,8760497.71519543
560738.870992666,8760498.05348964
560738.992184536,8760498.30519936
560739.123612851,8760498.43448733
560739.156305076,8760498.55898976
560739.198663697,8760498.661612
560739.188967522,8760498.77288559
560739.016652808,8760498.95449786
560738.895867463,8760499.09391026
560738.884010002,8760499.24977652
560738.941319263,8760499.57661047
560738.932659125,8760499.79967783
560738.948164967,8760499.96804469
560739.021550081,8760500.36270394
560739.133615592,8760500.6251457
560739.266619937,8760500.85507928
560739.334705841,8760501.04834332
560739.410341488,8760501.13022974
560739.491831369,8760501.35766652
560739.50188903,8760501.77160514
560739.462038449,8760502.19429914
560739.651870721,8760502.58342811
560739.666236055,8760502.9528781
560739.638753482,8760503.29795107
560739.696107022,8760503.49069496
560739.727658647,8760503.81628052
560739.779608761,8760504.12050608
560739.931375124,8760504.4072209
560739.96133549,8760504.67685758
560739.871442238,8760505.5105772
560739.990922389,8760506.0639117
560739.943581566,8760506.41919651
560739.970795308,8760506.87866411
560740.015750615,8760507.23842243
560739.900834898,8760507.47868839
560739.888932462,8760507.76864473
560739.902757176,8760508.14924289
560739.374618507,8760508.48122399
560738.958064061,8760508.90800844
560738.975131008,8760509.22171758
560739.499322641,8760509.45943715
560739.622659481,8760509.71125096
560739.8726199,8760510.01389953
560740.167144508,8760510.24048767
560740.462209357,8760510.4559277
560740.580772621,8760510.53989491
560740.772239077,8760510.85088285
560740.667410324,8760511.41569398
560740.470871153,8760511.8307933
560740.500275742,8760512.15627485
560740.532922398,8760512.41486741
560740.606846259,8760512.79837858
560740.675891922,8760513.32691994
560740.721341987,8760513.80962021
560740.764120237,8760514.25866791
560741.010296906,8760514.63935386
560741.276376495,8760514.87573795
560741.431893446,8760515.17380919
560741.655044692,8760515.4081126
560741.863171004,8760515.64168779
560742.137820787,8760515.9231849
560742.446272573,8760516.21749487
560742.768683384,8760516.49013283
560742.990243186,8760516.66848758
560743.327168411,8760516.86360873
560743.656002968,8760517.18125573
560743.887183544,8760517.47182057
560744.319090551,8760517.66037166
560744.845949255,8760517.93174605
560745.039080041,8760518.07520006
560745.311582163,8760518.35659383
560745.469289608,8760518.52067953
560745.990758909,8760518.85883933
560745.993369719,8760519.0712787
560746.216565015,8760519.17149283
560746.271290634,8760519.19649435
560746.416119441,8760519.35995589
560746.758987895,8760519.43244817
560747.128663457,8760519.57328619
560747.359317608,8760519.83030313
560747.548109245,8760520.10763953
560747.751430966,8760520.26276237
560748.004119808,8760520.42027836
560748.29544376,8760520.57966729
560748.513805395,8760520.69082189
560748.588281833,8760521.01848868
560748.992283783,8760521.20568874
560749.370651457,8760521.03406674
560749.609905796,8760521.24680361
560749.703220397,8760521.40776829
560750.0352794,8760521.7032247
560750.281497762,8760521.94982239
560750.438663654,8760522.12505688
560750.81531767,8760522.25505998
560750.827594073,8760522.44561925
560750.955204577,8760522.74233899
560751.044256874,8760522.81370227
560751.229881518,8760522.93444471
560751.65000355,8760523.05538099
560751.910226863,8760523.14621691
560752.210660299,8760523.33957151
560752.499774882,8760523.67764415
560753.001505882,8760523.66844495
560753.36579035,8760523.87606971
560753.63827383,8760524.20216199
560754.007344791,8760524.53293699
560754.369976382,8760524.86339992
560754.567907229,8760525.08530875
560754.854936507,8760525.24449109
560755.093710794,8760525.28959038
560755.393633858,8760525.4047005
560755.571737565,8760525.54742771
560755.603871164,8760525.72777543
560755.825983568,8760525.8502876
560756.04593396,8760526.01739244
560756.642011645,8760526.28095363
560757.069558562,8760526.6480878
560757.434444539,8760526.66577879
560757.857839144,8760526.63043481
560758.409476557,8760526.61248313
560758.934832506,8760526.55973434
560759.247139846,8760526.55252786
560759.862087941,8760526.55999517
560760.615485958,8760526.55182698
560761.100569707,8760526.57534699
560761.45900077,8760526.63742364
560761.768064876,8760526.69710673
560761.863523883,8760526.8581764
560762.05343971,8760526.97912859
560762.424796374,8760526.90773986
560762.678085938,8760526.87532386
560762.862627809,8760527.01836433
560762.920485305,8760527.28935453
560763.086806549,8760527.36446535
560763.346535206,8760527.33236172
560763.591779731,8760527.28838146
560763.760279042,8760527.27420305
560763.829488129,8760527.31108202
560763.919636383,8760527.31545321
560764.168124326,8760527.20458413
560764.472974834,8760527.04057624
560764.511641576,8760526.95305623
560764.657675374,8760526.73665
560765.009206031,8760526.5860801
560765.192761991,8760526.48323704
560765.346252629,8760526.42363359
560765.799681183,8760526.4344461
560766.011012806,8760526.69052977
560766.048566629,8760526.71469951
560766.634005926,8760526.70956488
560766.9870628,8760526.79373126
560767.660535979,8760526.70347105
560768.093549753,8760526.78034065
560768.526643607,8760526.6337269
560769.749100019,8760526.44717149
560770.071026134,8760526.55217784
560770.578098296,8760526.61029094
560770.721954615,8760526.48317472
560771.013911778,8760526.36324059
560771.405651892,8760526.31519171
560771.86121079,8760526.3708072
560772.261520345,8760526.36787164
560772.562063255,8760526.24835424
560772.886200325,8760526.17467861
560773.154531321,8760526.09829668
560773.61067951,8760526.00867455
560774.078641025,8760525.89727675
560774.778969612,8760525.74127648
560775.158372443,8760525.68145606
560775.549572324,8760525.64455662
560775.832895789,8760525.65829733
560776.251474401,8760525.58920282
560776.70763936,8760525.45488512
560777.169702915,8760525.33202804
560777.967193257,8760525.08017245
560778.678795528,8760524.91354671
560779.086101934,8760524.85508079
560779.525030738,8760524.89871809
560780.166538761,8760525.64499219
560780.46541122,8760525.69301122
560780.836261777,8760525.5433827
560781.21571446,8760525.34947401
560781.698045626,8760525.56283283
560782.162157081,8760525.70826189
560782.447036649,8760525.86734644
560782.716024794,8760525.46694151
560783.179529288,8760525.80230588
560783.535896184,8760525.64080125
560784.058092533,8760525.43146838
560784.594756462,8760525.27870934
560785.119524032,8760525.37120977
560785.599691585,8760525.62916268
560786.035442028,8760525.56090435
560786.443830213,8760525.48014453
560786.810846267,8760525.54264489
560787.104834985,8760525.73569552
560787.32731847,8760526.29403212
560787.557322442,8760526.83038482
560787.73266852,8760527.16294744
560788.261003109,8760527.75846925
560788.561396747,8760528.04122598
560788.908943707,8760528.50506018
560789.255983149,8760528.89064924
560789.516676569,8760529.14913163
560789.659876363,8760529.34604261
560789.869580405,8760529.63557475
560790.183815463,8760530.2095372
560790.623638744,8760530.72254579
560791.093155427,8760530.75649671
560791.401812982,8760531.88890789
560791.573034274,8760533.19344204
560791.51749944,8760533.89473387
560791.347480463,8760535.093319
560791.115183197,8760536.378278
560790.867304029,8760537.71835302
560790.619442102,8760539.01373138
560790.51770189,8760539.86922308
560790.432084767,8760540.65845064
560790.244490196,8760541.5097775
560789.915827291,8760542.20899417
560789.831410026,8760542.66304859
560789.7062288,8760543.07042804
560789.591745774,8760543.56772149
560789.544881527,8760544.04594638
560789.320833424,8760544.80610994
560789.152184587,8760545.22255518
560788.865385402,8760545.9014541
560788.655972902,8760546.27122446
560788.426144951,8760546.70705078
560788.331047001,8760547.02649462
560788.165102657,8760547.38719928
560788.104870436,8760547.74185757
560788.05798996,8760548.26477921
560787.716028294,8760548.661643
560787.388567276,8760549.02568714
560787.198980037,8760549.47464004
560787.244950457,8760549.94619386
560787.388097575,8760550.27719468
560787.074680505,8760550.39608382
560786.879786335,8760550.68833803
560786.810378104,8760551.18781816
560786.701287657,8760551.61832711
560786.742391116,8760552.19021423
560786.808219376,8760552.65155693
560786.864397412,8760553.09008276
560786.985015981,8760553.39764197
560787.191437811,8760553.84345593
560787.538520391,8760554.09495441
560788.381441199,8760554.28111077
560789.115016381,8760554.14908074
560789.478779035,8760554.27847076
560789.786179078,8760554.4609986
560790.100018054,8760554.64383888
560790.42083677,8760554.81584346
560790.741655401,8760554.98784812
560790.950847376,8760555.19913519
560791.219072066,8760555.39093732
560791.576429034,8760555.43062219
560791.908553786,8760555.50260624
560792.310442996,8760555.55562607
560792.838949167,8760555.65948614
560793.301949425,8760555.87191232
560793.792868948,8760556.04099563
560794.456457701,8760556.50899
560795.713567775,8760556.84933827
560797.057054384,8760557.22740167
560797.965289181,8760557.79666248
560798.743361378,8760557.76736644
560799.605871191,8760557.23932041
560800.664538375,8760557.32420912
560801.710240891,8760557.63195737
560802.732350599,8760557.89386423
560803.775399719,8760558.1232648
560804.835619169,8760558.35349942
560805.886188503,8760558.56091791
560806.780092698,8760558.71603766
560807.628382744,8760558.88011901
560808.571146358,8760558.95939025
560809.501590465,8760558.98219243
560810.388496428,8760559.19284713
560811.27325579,8760559.40339829
560812.160161216,8760559.61405424
560813.04652536,8760559.83585895
560813.931283909,8760560.046412
560814.70163894,8760560.53077333
560815.518201811,8760560.86093624
560816.404564583,8760561.08274333
560817.288780742,8760561.30444688
560818.175142944,8760561.52625522
560819.675985607,8760561.54322552
560830.040603847,8760569.89074066
560830.655348245,8760570.34520975
560830.848177569,8760569.87407135
560830.766956547,8760570.35062766
560830.862870738,8760570.67934127
560830.987301697,8760570.81947445
560831.069181949,8760571.34864597
560831.139266602,8760571.8548961
560831.580662816,8760572.37917143
560831.718851014,8760572.98929726
560832.413006627,8760573.44762233
560832.214814411,8760572.61109551
560832.331348573,8760572.38209033
560832.889259878,8760572.72205764
560833.416562871,8760573.11641129
560834.128036442,8760573.21799728
560836.03565863,8760574.38335022
560836.684815401,8760575.94575882
560836.85418822,8760577.68601384
560836.344340793,8760579.19215415
560836.225735946,8760580.5273241
560836.410915606,8760581.67610325
560836.555538902,8760582.28654222
560836.76236721,8760582.98939644
560837.106613829,8760583.56482949
560837.576949974,8760584.1575587
560838.0039308,8760584.49117195
560838.37619039,8760584.7997798
560838.591789471,8760585.05608414
560838.768830172,8760585.13172605
560838.721443331,8760585.53170384
560838.904829167,8760585.83114188
560839.058689419,8760586.16266964
560839.19170295,8760586.30322045
560839.43148949,8760586.46012968
560839.623478907,8760586.71528794
560839.798895522,8760586.82437437
560839.822429594,8760587.00430743
560839.829353408,8760587.12756202
560840.116993124,8760587.05213231
560840.402467804,8760587.02129515
560840.359000837,8760587.03035912
560840.414804246,8760587.03306851
560840.339609129,8760587.20820805
560840.178600217,8760587.28978592
560839.597423329,8760587.42918465
560839.585124405,8760587.32801789
560839.383354913,8760587.36291925
560839.279810753,8760587.32436882
560839.184851726,8760587.28623521
560839.025429195,8760587.42376225
560838.801599444,8760587.60285988
560838.850310307,8760587.88458489
560838.850795355,8760588.00752687
560838.767015372,8760588.18224968
560838.624800713,8760588.23121701
560838.482623514,8760588.19079097
560838.307729528,8760588.11525331
560838.413942459,8760588.18745644
560838.372080581,8760588.20777282
560838.456364312,8760588.11129525
560838.534153031,8760588.14859516
560838.604457846,8760588.11848533
560838.674800125,8760587.9989821
560838.60828407,8760587.95105506
560838.535814238,8760588.0257574
560838.434397674,8760588.03200793
560838.401718335,8760587.9075029
560838.48383708,8760587.85561783
560838.47739823,8760587.85530522
560838.408698436,8760587.89666739
560838.458585486,8760587.93261265
560838.449384212,8760588.12213076
560838.488577283,8760588.06816161
560838.30453818,8760588.04805195
560838.245953707,8760588.27987006
560838.052209587,8760588.37103328
560838.108516762,8760588.45198784
560838.041403338,8760588.54929906
560838.105773095,8760588.59712186
560838.228671151,8760588.54721663
560838.399832486,8760588.56670105
560838.721774832,8760588.58233168
560838.975036141,8760588.59462782
560838.969082322,8760588.71725718
560838.855310634,8760588.75643103
560838.910553968,8760588.81498517
560838.922349148,8760588.83790665
560838.943811966,8760588.83894869
560838.905160152,8760588.88176971
560838.802623668,8760588.99970985
560838.636258746,8760589.05867906
560838.573997853,8760589.10035384
560838.688814541,8760589.12827711
560838.896966348,8760589.22777835
560839.094927975,8760589.31561048
560839.277361862,8760589.32446792
560839.424895231,8760589.38750293
560839.331522631,8760589.40531833
560839.523605387,8760589.43699309
560839.670522384,8760589.68996304
560839.505202495,8760589.81602927
560839.600142548,8760589.89885961
560839.639298079,8760589.93428389
560839.734256888,8760589.97241753
560839.899464098,8760590.11453151
560840.094719184,8760590.25810441
560840.211121955,8760590.34197686
560840.317875853,8760590.40303203
560840.463728825,8760590.63360162
560840.503406775,8760590.70257451
560840.524290681,8760590.8041581
560840.455012088,8760590.94606168
560840.286985924,8760591.12786843
560840.117877271,8760591.33197145
560839.986319128,8760591.56024645
560839.774845088,8760591.70642057
560839.811237877,8760591.93167556
560839.80364138,8760592.13244599
560839.93406054,8760592.06055731
560840.050538315,8760591.96564294
560840.057499619,8760591.99950414
560839.966198315,8760592.1962105
560840.808526977,8760592.438247
560841.746355163,8760592.70726975
560842.423438911,8760592.89658652
560842.981394781,8760593.10246824
560843.402568058,8760593.20113908
560843.905261827,8760593.39316357
560844.383263824,8760593.60633815
560844.877353231,8760593.84264288
560845.307092244,8760593.98642792
560845.819491175,8760594.06718041
560845.983054182,8760594.28743625
560846.194822662,8760594.71117215
560846.225354725,8760594.83557317
560846.311167538,8760594.92913526
560846.557485495,8760594.86287501
560846.624019913,8760594.86610577
560846.765749999,8760594.69419737
560846.860243092,8760594.56469288
560847.00622769,8760594.48238634
560847.239706254,8760594.32610752
560847.493564935,8760594.19316718
560847.691060167,8760594.11336199
560847.7522957,8760593.95989381
560848.023827871,8760593.90603261
560848.262605536,8760593.90645298
560848.570643494,8760593.80966695
560848.714443809,8760593.81664978
560849.016603472,8760593.66370639
560849.295676421,8760593.54316519
560849.581729601,8760593.41178861
560849.857032325,8760593.32458767
560850.067405502,8760593.2454082
560850.342669975,8760593.24760077
560850.562691849,8760593.19123873
560850.80580058,8760593.10247464
560850.989858014,8760593.07788943
560851.278038571,8760592.99131416
560851.56942898,8760592.92724364
560851.683722919,8760592.92161953
560851.821625885,8760592.91714193
560852.022853573,8760592.89339069
560852.362041944,8760592.73107184
560852.771516116,8760592.58334074
560853.040341932,8760592.58522122
560853.327865779,8760592.77797473
560853.620822697,8760592.81455043
560853.855327356,8760592.7700667
560854.041531196,8760592.74558618
560854.107562924,8760592.67057205
560854.145673783,8760592.63889962
560854.300186309,8760592.69110095
560854.429446305,8760592.82029681
560854.398566618,8760592.26007672
560854.440834912,8760592.54148966
560854.603951854,8760592.54941125
560854.607065051,8760592.79539944
560854.615630839,8760592.84051307
560854.518487756,8760592.89166746
560854.465894365,8760592.91146214
560854.550121173,8760592.94907575
560854.655694832,8760593.25591188
560854.960852568,8760593.6171383
560855.141487611,8760594.0617127
560855.20632051,8760594.27717505
560855.060915375,8760594.25893912
560855.132554454,8760594.86583635
560854.940782225,8760595.35937147
560855.152566893,8760595.73841219
560855.251662603,8760596.13432907
560855.318467453,8760596.75216595
560855.319936851,8760597.0762952
560855.431349201,8760597.5286823
560855.659781385,8760597.87500839
560855.809903794,8760598.15048493
560856.121421138,8760598.69081113
560856.275333234,8760598.88825092
560856.463566109,8760599.13205518
560856.682948848,8760599.31032584
560856.9221699,8760599.52308324
560857.092691021,8760599.77720182
560857.315244364,8760600.06737069
560857.349409643,8760600.47130876
560857.434602055,8760600.75480653
560857.317987574,8760601.16259616
560857.255068531,8760601.48359832
560857.224845959,8760601.88440931
560857.269317668,8760602.03183648
560857.452715885,8760602.28658053
560857.519172112,8760602.46859866
560857.589418312,8760602.57257999
560857.624260967,8760602.65249306
560857.644079809,8760602.73167647
560857.735247133,8760602.84784829
560857.67882517,8760603.03507304
560857.677142511,8760603.20260748
560857.789752901,8760603.36451837
560857.829371068,8760603.5675819
560857.822254613,8760603.8912942
560857.736229199,8760604.289395
560857.753262989,8760604.60310578
560857.700553226,8760604.89108052
560857.691309989,8760605.16999188
560857.759331875,8760605.45265577
560857.71520714,8760605.74104745
560857.644747025,8760606.1287298
560857.626899308,8760606.45192092
560857.743723986,8760606.79282707
560857.952856848,8760607.09351874
560857.966680842,8760607.38472482
560858.03044897,8760607.57778686
560858.167170068,8760607.81908968
560858.310949281,8760607.87077032
560858.377985448,8760607.95224698
560858.434290362,8760608.03320245
560858.495970642,8760608.09207018
560858.544773422,8760608.15031248
560858.593576198,8760608.20855477
560858.711078439,8760608.22543602
560858.829624525,8760608.30941443
560859.038893521,8760608.2972294
560859.258352321,8760608.29671371
560859.57439231,8760608.30088887
560859.931752474,8760608.29589657
560860.241353724,8760608.29975917
560860.41786799,8760608.34185555
560860.662018444,8760608.32019054
560860.889501199,8760608.37593692
560861.143821841,8760608.41063803
560861.40405936,8760608.41210334
560861.550004251,8760608.41919189
560861.694344359,8760608.41502811
560861.829036163,8760608.38804689
560861.942265489,8760608.36002325
560862.038324831,8760608.33116565
560862.144052115,8760608.28042883
560862.193435469,8760608.23812975
560862.136550061,8760608.25771562
560862.046929457,8760608.28688594
560861.863917607,8760608.37856668
560861.812949111,8760608.36491671
560861.968424538,8760608.66300295
560862.099859153,8760609.94326989
560862.34800711,8760610.59226418
560862.371537198,8760610.77219767
560862.677849676,8760610.93234295
560862.639719435,8760611.00871181
560862.589371169,8760610.80512691
560862.61939893,8760610.85128304
560862.733553697,8760611.15853683
560862.699735611,8760611.19041749
560862.729162882,8760611.38181183
560862.786412624,8760611.75334817
560862.870500185,8760612.10383923
560863.022145095,8760612.56935579
560862.910520871,8760612.60863169
560862.702739262,8760612.90024863
560862.80993325,8760613.17364111
560863.099882489,8760613.93641008
560862.720185506,8760614.711351
560862.684644689,8760615.00015949
560862.877185812,8760615.19947651
560863.075565021,8760615.54434451
560863.136486553,8760616.10602426
560863.110150855,8760616.20531481
560863.066103798,8760616.31491951
560863.374196882,8760616.08404704
560863.578670142,8760615.99340899
560863.472204832,8760616.50226079
560863.590247731,8760616.50799438
560863.628820805,8760616.64396092
560863.667334714,8760616.91401756
560863.681383003,8760617.90922276
560863.615735573,8760618.33066185
560863.722082517,8760618.08999025
560863.761216726,8760618.17011199
560863.961416963,8760618.03456881
560863.84000689,8760618.36390405
560863.82109419,8760618.6646946
560863.858663096,8760618.64417058
560864.130653441,8760618.75795157
560864.111297882,8760618.84640673
560864.154163264,8760618.98258178
560864.259407535,8760618.80890315
560864.176226291,8760618.83838606
560864.177348765,8760618.72669644
560864.431706734,8760618.67200482
560864.593717525,8760618.74692064
560864.822281211,8760618.78037152
560864.854435137,8760618.87132865
560865.010007187,8760618.94593178
560865.170954685,8760618.99844721
560865.358198437,8760619.04106554
560865.517019471,8760619.04878006
560865.804594513,8760619.10744635
560865.990755211,8760619.17236101
560866.03472321,8760619.24154321
560865.941292883,8760619.39344672
560865.90306361,8760619.69329898
560865.688863404,8760619.93990596
560865.652879424,8760620.01637899
560865.582014288,8760620.10233211
560865.494481249,8760620.26569652
560865.581836102,8760620.50460239
560865.498093628,8760620.58993002
560865.32033992,8760620.92770272
560865.43525214,8760620.73214497
560865.377304003,8760620.72933021
560865.427169147,8760620.80997325
560865.614934322,8760620.88614021
560865.81986929,8760620.96314121
560866.169162763,8760620.99128227
560866.376805254,8760621.0125428
560866.273568277,8760621.49920239
560866.417067915,8760622.17663774
560866.387568233,8760623.35969284
560866.713362809,8760625.55452926
560866.887748072,8760625.55182562
560866.881289552,8760625.59620956
560867.170770745,8760626.19134079
560867.123494328,8760626.32313731
560867.164714607,8760626.5374535
560867.306285425,8760626.72312101
560867.244507134,8760626.88773634
560867.117780962,8760627.10506889
560866.914874097,8760627.29635212
560866.884186202,8760627.52952418
560866.763878928,8760627.79186622
560866.802794024,8760628.36365172
560866.721699934,8760628.5273288
560866.679779229,8760628.68173432
560866.912091954,8760628.7265422
560866.779488747,8760628.88771721
560866.864815633,8760628.85833873
560866.924869856,8760628.9506512
560867.231818121,8760628.876166
560867.291310901,8760629.0243233
560867.718928932,8760629.07861841
560868.183494397,8760629.30232468
560868.166806464,8760629.42443262
560868.254179936,8760629.61864198
560868.43921598,8760629.79524662
560868.572201359,8760629.98049725
560868.690183161,8760630.12032141
560868.807663291,8760630.1819003
560869.147767894,8760630.35486338
560869.206698859,8760630.55886558
560869.324099053,8760630.79923131
560869.444186952,8760631.0285532
560869.613677579,8760631.17087962
560869.778314213,8760631.36884236
560869.970289963,8760631.62400528
560870.135949579,8760631.93376194
560870.213574586,8760632.32863741
560870.391589733,8760632.60547107
560870.489252159,8760632.5878665
560870.566515611,8760632.59161982
560870.704915928,8760632.66538959
560871.020548579,8760632.36783887
560871.169659894,8760632.48682669
560871.287821549,8760632.22438082
560871.295985073,8760631.96776578
560871.433863907,8760632.00798704
560871.766465969,8760632.15823757
560872.117842252,8760632.32057465
560872.482075604,8760632.52823411
560872.520606891,8760632.75359432
560872.448197521,8760632.69420459
560872.496938354,8760632.88653753
560872.588101902,8760633.00271043
560872.574662998,8760633.05792966
560872.613274617,8760633.10450308
560872.746760384,8760633.36799945
560872.856698144,8760633.49625885
560872.930691967,8760633.61159767
560873.097514175,8760633.72027171
560873.136586875,8760633.93448384
560873.096290226,8760634.05544481
560873.100020941,8760634.11149815
560873.128422949,8760634.19109886
560873.218563528,8760634.19547793
560873.319334518,8760634.42386181
560873.332091,8760634.69266758
560873.438237493,8760634.89896379
560873.449930897,8760635.14536908
560873.528718279,8760635.33916175
560873.662243855,8760635.51326482
560873.81612809,8760635.75540346
560874.04675407,8760635.96774708
560874.250522217,8760636.24583247
560874.377588819,8760636.46431951
560874.463356152,8760636.64727694
560874.667746395,8760636.73542749
